URL: FeH=0&Z=0&M1=0.55&M2=0.55&Pbin=20&e=0.3&tau=1&Mp=1&ap=1.5&ep=0.1&qbasic=on&qhz=on&qchz=on&qintegration=on&tautot=5&zsvec=ZSVEC_siblings&earlywind=trend&qsaved=0&confname=Niche+12&submit=submit&parts_0=c2138a3ce11d50fd5e316827858f68e6&parts_1=653.688807941&parts_2=4139.36445883&parts_3=0.480494190287&parts_4=0.0598092267209&parts_5=0.477170367333&parts_6=0.869504936429&parts_7=0.995590652415&parts_8=11.3774368848&parts_9=0.194849732599&parts_10=0.244559249919&parts_11=0.345861283927&parts_12=0.496872835256&parts_13=653.688807941&parts_14=4139.36445883&parts_15=0.480494190287&parts_16=0.0598092267209&parts_17=0.477170367333&parts_18=0.869504936429&parts_19=0.995590652415&parts_20=11.3774368848&parts_21=0.194849732599&parts_22=0.244559249919&parts_23=0.345861283927&parts_24=0.496872835256&parts_25=0.148856630737&parts_26=0.473501778127&parts_27=1.55712926524&parts_28=12.8441488105&parts_29=0.285437928772&parts_30=0.496160752106&parts_31=0.496160752106&parts_32=0.706883575439&parts_33=11.8994934099&parts_34=11.8994934099&parts_35=0.01541979911&save

FeH=0
Z=0
M1=0.55
M2=0.55
Pbin=20
e=0.3
tau=1
Mp=1
ap=1.5
ep=0.1
qbasic=on
qhz=on
qchz=on
qintegration=on
tautot=5
zsvec=ZSVEC_siblings
earlywind=trend
qsaved=0
confname=Niche 12
submit=submit
parts_0=c2138a3ce11d50fd5e316827858f68e6
parts_1=653.688807941
parts_2=4139.36445883
parts_3=0.480494190287
parts_4=0.0598092267209
parts_5=0.477170367333
parts_6=0.869504936429
parts_7=0.995590652415
parts_8=11.3774368848
parts_9=0.194849732599
parts_10=0.244559249919
parts_11=0.345861283927
parts_12=0.496872835256
parts_13=653.688807941
parts_14=4139.36445883
parts_15=0.480494190287
parts_16=0.0598092267209
parts_17=0.477170367333
parts_18=0.869504936429
parts_19=0.995590652415
parts_20=11.3774368848
parts_21=0.194849732599
parts_22=0.244559249919
parts_23=0.345861283927
parts_24=0.496872835256
parts_25=0.148856630737
parts_26=0.473501778127
parts_27=1.55712926524
parts_28=12.8441488105
parts_29=0.285437928772
parts_30=0.496160752106
parts_31=0.496160752106
parts_32=0.706883575439
parts_33=11.8994934099
parts_34=11.8994934099
parts_35=0.01541979911
save=
