derr=-1.0
Extra1=0.0
BV=0.012
Extra3=0.0
abin=0.2243
Extra5=0.0
Extra2=0.0
Lx=-1.0
dmod=-1.0
str_Extra2="'Null'"
FeHfit=-0.3
Zobs=0.00995675605236
wbin=263.464
Pbin=41.079
FeHobs=-0.2
str_SysID="'Kepler-16'"
ebin=0.1594
Zfit=0.00800141513733
ibin=90.3401
taumin=2.0
V=11.762
str_Extra1="'Null'"
taumax=4.0
d=-1.0
FeHfiterr=0.2
q=0.294202898551
Extra4=0.0
str_sys="'1f608b848821a8e6676e08f10820a1f8'"
