tau=1.0
CMF=0.3
Prot=1.0
worberr=0.0
Extra1=0.0
Extra2=0.0
Extra3=0.0
Extra4=0.0
Extra5=0.0
Rerr=0.0
Morb=1.0
str_PlanetID="'NICHE-001h'"
Porberr=0.0
eorb=0.0
eorberr=0.0
aorberr=0.0
M=1.000001
R=1.000001
str_Extra1="'Null'"
str_Extra2="'Null'"
worb=0.0
aorb=1.0
Merr=0.0
Porb=0.0
fHHe=0.3
str_sys="'de5ce0429b55715989d3b33f5385cf49'"
