Kc=5e+40
Pini=7.0
tau=3.0
Prot=35.1
vsini=0.92
Extra1=0.0
Extra2=0.0
Extra3=0.0
Extra4=0.0
Extra5=0.0
Rerr=0.001
wsat=0.0
Protv=35.6789839752
vsinierr=0.025
Rosat=0.16
FeH=-0.3
str_Extra1="'Null'"
str_StarID="'Kepler-16 A'"
str_model="'PARSEC'"
A=0.95
loggerr=0.0017
Proterr=1.0
M=0.69
beta=-2.7
R=0.649
Kw=4.7e+40
T=4337.0
Y=0.275556
Z=0.0
Terr=80.0
str_Extra2="'Null'"
a=1.0
tauc=5.0
logg=4.479
Merr=0.004
logRXsat=-3.13
str_Stype="'K type'"
n=1.5
Protverr=0.969537608022
taudisk=0.002
taums=0.0
K1=11.3
str_rotmodel="'Chaboyer'"
str_sys="'1f608b848821a8e6676e08f10820a1f8'"
