ebin=0.1594
taumin=2.0
Zfit=0.00800141513733
dmod=-1.0
d=-1.0
ibin=90.3401
V=11.762
FeHfit=-0.3
BV=0.012
derr=-1.0
q=0.294202898551
FeHfiterr=0.2
abin=0.2243
taumax=4.0
Lx=-1.0
Pbin=41.079
Zobs=0.00995675605236
FeHobs=-0.2
str_SysID="'Kepler-16'"
wbin=263.464
str_sys="'b2e0c37bf28c45efc5ff75d7de265061'"
