ebin=0.1
taumin=-2.0
Zfit=0.01541979911
dmod=-1.0
d=-1.0
ibin=-2.0
V=-2.0
FeHfit=0.0
BV=-2.0
derr=-1.0
q=1.0
FeHfiterr=-1.0
abin=0.149972174389
taumax=-2.0
Lx=-2.0
Pbin=15.0
Zobs=-1.0
FeHobs=-1.0
str_SysID="'NICHE-001'"
wbin=-1.0
str_sys="'4fe5a24192aea1762cb20f16600fa007'"
