ebin=0.0372
q=0.660975609756
Zfit=0.00995675605236
dmod=600.04421915
d=-1.0
ibin=87.33
V=15.52
FeHfit=-0.2
BV=0.073
derr=-1.0
taumin=-1.0
FeHfiterr=-1.0
abin=0.1015
taumax=-1.0
Lx=-1.0
Pbin=10.116
Zobs=0.000677066305742
FeHobs=-1.431
str_SysID="'Kepler-413'"
wbin=279.54
str_sys="'e0a2d514ebc3c630fd3fecb05e8d96cc'"
