derr=-1.0
Extra1=0.0
BV=-2.0
Extra3=0.0
abin=0.149972174389
Extra5=0.0
Extra2=0.0
Lx=-2.0
dmod=-1.0
str_Extra2="'Null'"
FeHfit=0.0
Zobs=-1.0
wbin=-1.0
Pbin=15.0
FeHobs=-1.0
str_SysID="'NICHE-001'"
ebin=0.1
Zfit=0.01541979911
ibin=-2.0
taumin=-2.0
V=-2.0
str_Extra1="'Null'"
taumax=-2.0
d=-1.0
FeHfiterr=-1.0
q=1.0
Extra4=0.0
str_sys="'de5ce0429b55715989d3b33f5385cf49'"
