worberr=0.0
aorberr=-1.0
Porberr=-1.0
aorb=0.3553
tau=1.0
Prot=1.0
CMF=0.3
Merr=20.9862362279
Porb=66.262
M=67.0287666187
worb=-1.0
eorb=0.1181
R=4.35168695652
Rerr=0.0987489562078
Morb=1.362
fHHe=0.8
eorberr=0.002
str_sys="'e0a2d514ebc3c630fd3fecb05e8d96cc'"
