worberr=0.0
aorberr=0.0011
Porberr=0.028
aorb=0.7048
tau=3.0
Prot=1.0
str_PlanetID="'Kepler-16b'"
Merr=5.08757241887
Porb=228.776
M=105.885100968
worb=-1.0
eorb=0.0069
CMF=0.3
R=8.45874581698
Rerr=0.027492607126
Morb=0.893
fHHe=0.52
eorberr=0.001
str_sys="'b2e0c37bf28c45efc5ff75d7de265061'"
