tau=3.0
CMF=0.3
Prot=1.0
worberr=0.0
Extra1=0.0
Extra2=0.0
Extra3=0.0
Extra4=0.0
Extra5=0.0
Rerr=0.027492607126
Morb=0.893
str_PlanetID="'Kepler-16b'"
Porberr=0.028
eorb=0.0069
eorberr=0.001
aorberr=0.0011
M=105.885100968
R=8.45874581698
str_Extra1="'Null'"
str_Extra2="'Null'"
worb=-1.0
aorb=0.7048
Merr=5.08757241887
Porb=228.776
fHHe=0.5395
str_sys="'1f608b848821a8e6676e08f10820a1f8'"
