worberr=0.0
aorberr=0.0
Porberr=0.0
aorb=1.0
tau=1.0
Prot=1.0
str_PlanetID="'NICHE-001h'"
Merr=0.0
Porb=0.0
M=1.000001
worb=0.0
eorb=0.0
CMF=0.3
R=1.000001
Rerr=0.0
Morb=1.0
fHHe=0.3
eorberr=0.0
str_sys="'4fe5a24192aea1762cb20f16600fa007'"
