tau=3.0
Pini=10.0
Prot=35.1
vsini=0.92
logg=4.479
str_Stype="'K type'"
Rerr=0.001
wsat=10.0
Protv=35.6789839752
vsinierr=0.025
FeH=-0.3
str_StarID="'Kepler-16 A'"
str_model="'BCA98'"
loggerr=0.0017
Proterr=1.0
M=0.69
R=0.649
Kw=5e+40
T=4337.0
Z=0.0
Terr=80.0
a=1.0
Merr=0.004
n=1.5
Protverr=0.969537608022
taudisk=0.01
taums=0.0
str_sys="'44cfff02190290ef66cc584701ccab6d'"
