tau=1.0
Pini=10.0
Prot=13.15
vsini=5.0
logg=4.727
str_Stype="'K type'"
Rerr=0.008
wsat=10.0
Protv=7.84121301706
vsinierr=2.0
FeH=-0.2
str_StarID="'Kepler-413 A'"
str_model="'BCA98'"
loggerr=-1.0
Proterr=0.15
M=0.82
R=0.776
Kw=5e+40
T=4700.0
Z=0.0
Terr=-1.0
a=1.0
Merr=0.015
n=1.5
Protverr=3.13648520682
taudisk=0.01
taums=0.0
str_sys="'e0a2d514ebc3c630fd3fecb05e8d96cc'"
