Kc=5e+40
Pini=7.0
tau=3.0
Prot=35.1
vsini=0.92
logg=4.479
str_Stype="'K type'"
Rerr=0.001
wsat=0.0
Protv=35.6789839752
vsinierr=0.025
FeH=-0.3
str_StarID="'Kepler-16 A'"
str_model="'PARSEC'"
A=0.95
loggerr=0.0017
Proterr=1.0
M=0.69
R=0.649
Kw=4.7e+40
T=4337.0
Y=0.275556
Z=0.0
Terr=80.0
a=1.0
tauc=5.0
str_rotmodel="'Chaboyer'"
K1=11.3
n=1.5
Protverr=0.969537608022
taudisk=0.002
taums=0.0
Merr=0.004
str_sys="'b2e0c37bf28c45efc5ff75d7de265061'"
