str_SysID = "'Sol (Fast)'"
Pbin = 15.0
abin = 0.149972174389
ebin = 0.3
wbin = -1.0
ibin = 90.0
V = -26.74
BV = 0.656
dmod = -1.0
d = 4.848e-06
derr = 0.0
taumin = 4.56
taumax = 4.56
Lx = 1.0
Zfit = 0.01541979911
FeHfit = 0.0
FeHfiterr = -1.0
Zobs = 0.01541979911
FeHobs = 0.0
q = 1.0
Extra1 = 0.0
Extra2 = 0.0
Extra3 = 0.0
Extra4 = 0.0
Extra5 = 0.0
str_Extra1 = "'Null'"
str_Extra2 = "'Null'"
str_sys = "'1defb557579b459d039b58271b72b720'"
