tau=4.56
worb=0.0
Prot=1.0
aorb=1.51
aorberr=0.0
str_PlanetID="'NICHE-001h'"
Merr=0.0
Porb=0.0
M=1.000001
Porberr=0.0
eorb=0.0
fHHe=0.3
Rerr=0.0
worberr=0.0
CMF=0.3
Morb=2
R=1.000001
eorberr=0.0
str_sys="'8e812dc0289c1a38c8fc166d48397cb7'"
