Kc=5e+40
Pini=7.0
tau=4.56
Prot=25.05
vsini=2.01909
Extra1=0.0
Extra2=0.0
Extra3=0.0
Extra4=0.0
Extra5=0.0
Rerr=0.0
wsat=0.0
Protv=25.0499914723
vsinierr=0.0
Rosat=0.16
FeH=0.0
str_Extra1="'Null'"
str_StarID="'Sol B'"
str_model="'PARSEC'"
A=0.95
loggerr=0.0
Proterr=0.0
M=1.0
beta=-2.7
R=1.0
Kw=4.7e+40
T=5770.0
Y=0.275556
Z=0.0
Terr=0.0
str_Extra2="'Null'"
a=1.0
tauc=7.0
logg=4.43838464
Merr=0.0
logRXsat=-3.13
str_Stype="'G2V'"
n=1.5
Protverr=0.0
taudisk=0.002
taums=10.1
K1=11.3
str_rotmodel="'Chaboyer'"
str_sys="'1defb557579b459d039b58271b72b720'"
