URL: FeH=0&Z=0&M1=0.7&M2=0.7&Pbin=18&e=0.4&tau=1&Mp=1&ap=1.5&ep=0.1&qbasic=on&qhz=on&qchz=on&qintegration=on&tautot=5&zsvec=ZSVEC_siblings&earlywind=trend&qsaved=0&confname=Niche+10&submit=submit&parts_0=8062ef771e9ae55bf2156ae90cfa7e93&parts_1=472.782078929&parts_2=4509.97508984&parts_3=0.637398207541&parts_4=0.148296531457&parts_5=0.626293557383&parts_6=0.967513271686&parts_7=0.932465630455&parts_8=9.5868109988&parts_9=0.30328359969&parts_10=0.385092886791&parts_11=0.531132696006&parts_12=0.758981792323&parts_13=472.782078929&parts_14=4509.97508984&parts_15=0.637398207541&parts_16=0.148296531457&parts_17=0.626293557383&parts_18=0.967513271686&parts_19=0.932465630455&parts_20=9.5868109988&parts_21=0.30328359969&parts_22=0.385092886791&parts_23=0.531132696006&parts_24=0.758981792323&parts_25=0.150374769492&parts_26=0.51168022815&parts_27=2.04506024953&parts_28=8.80169667577&parts_29=0.435278488159&parts_30=0.755406282043&parts_31=0.755406282043&parts_32=1.07553407593&parts_33=1.49348796765&parts_34=1.49348796765&parts_35=0.01541979911&save

FeH=0
Z=0
M1=0.7
M2=0.7
Pbin=18
e=0.4
tau=1
Mp=1
ap=1.5
ep=0.1
qbasic=on
qhz=on
qchz=on
qintegration=on
tautot=5
zsvec=ZSVEC_siblings
earlywind=trend
qsaved=0
confname=Niche 10
submit=submit
parts_0=8062ef771e9ae55bf2156ae90cfa7e93
parts_1=472.782078929
parts_2=4509.97508984
parts_3=0.637398207541
parts_4=0.148296531457
parts_5=0.626293557383
parts_6=0.967513271686
parts_7=0.932465630455
parts_8=9.5868109988
parts_9=0.30328359969
parts_10=0.385092886791
parts_11=0.531132696006
parts_12=0.758981792323
parts_13=472.782078929
parts_14=4509.97508984
parts_15=0.637398207541
parts_16=0.148296531457
parts_17=0.626293557383
parts_18=0.967513271686
parts_19=0.932465630455
parts_20=9.5868109988
parts_21=0.30328359969
parts_22=0.385092886791
parts_23=0.531132696006
parts_24=0.758981792323
parts_25=0.150374769492
parts_26=0.51168022815
parts_27=2.04506024953
parts_28=8.80169667577
parts_29=0.435278488159
parts_30=0.755406282043
parts_31=0.755406282043
parts_32=1.07553407593
parts_33=1.49348796765
parts_34=1.49348796765
parts_35=0.01541979911
save=
