ebin=0.1
q=1.0
FeHfiterr=-1.0
Zfit=0.01541979911
dmod=-1.0
d=-1.0
FeHfit=0.0
V=-2.0
ibin=-2.0
derr=-1.0
str_sys="'6663472145b80aac3842631306bdae69'"
taumin=-2.0
BV=-2.0
abin=0.149972174389
taumax=-2.0
Lx=-2.0
Pbin=15.0
Zobs=-1.0
FeHobs=-1.0
str_SysID="'Solar Nominal'"
wbin=-1.0
str_sys="'e98dba28da734def67307af589cc97a3'"
