derr=0.0
Extra1=0.0
FeHfiterr=-1.0
Extra3=0.0
abin=0.149972174389
Extra5=0.0
Extra2=0.0
Lx=1.0
dmod=-1.0
str_Extra2="'Null'"
FeHfit=0.0
Zobs=0.01541979911
wbin=-1.0
Pbin=15.0
FeHobs=0.0
str_SysID="'Sol (Nominal)'"
ebin=0.3
Zfit=0.01541979911
ibin=90.0
str_sys="'1defb557579b459d039b58271b72b720'"
taumin=4.56
V=-26.74
str_Extra1="'Null'"
taumax=4.56
d=4.848e-06
BV=0.656
q=1.0
Extra4=0.0
